generic-timing-fract

INSTR_RETIRED.ANY
2434 320916790
2434 320924476
2434 320919049
2434 320924104
2434 320776417
2434 320915614
2434 320788613
2434 320921484
2434 320916858
2434 320919772
2434 320919031
2434 320918705
2434 320916772
2434 320915397
2434 320916759
2434 320917854
2434 320915929
2434 320917864
2434 320921089
2434 320769702

L2_STORE_LOCK_RQSTS.ALL
24 41626
24 43708
23 64382
26 61412
24 43905
24 65116
22 62807
24 62193
25 63011
24 37771
25 64109
24 64972
25 63076
26 62516
25 63052
24 62337
24 63949
23 63627
23 43809
25 63985

L2_STORE_LOCK_RQSTS.MISS
21 971
21 1016
22 985
21 1032
23 990
20 1008
21 1012
21 1063
21 1027
21 1003
21 1032
21 1003
21 1034
21 1039
22 1009
19 1017
21 1009
20 1027
21 989
21 1009

BR_INST_EXEC.ALL_BRANCHES
480 35244309
507 35242898
486 35241840
495 35242711
479 35245669
477 35243554
501 35245810
463 35244448
472 35220410
475 35222604
478 35243843
508 35245015
498 35242782
491 35242750
484 35244801
473 35243757
502 35243137
478 35245601
462 35245467
474 35247066

BR_MISP_EXEC.ALL_BRANCHES
62 34786
67 34989
59 35060
61 35655
64 35491
61 35601
59 34859
60 35314
54 34751
58 37513
61 34280
56 35142
48 34860
58 34953
56 35144
62 34747
60 34947
57 35096
68 35073
61 35026

