generic-call-freq

INSTR_RETIRED.ANY
2434 318984022
2434 318958118
2434 318933426
2434 318912101
2434 318889114
2434 321223699
2434 321199178
2434 321172717
2434 321158360
2434 321128957
2434 321111838
2434 320944957
2434 321060790
2434 321043471
2434 320887837
2434 321010144
2434 320985951
2434 320960944
2434 320938061
2434 320916283

L2_STORE_LOCK_RQSTS.ALL
25 66857
24 26083
24 65051
25 67921
23 64155
24 44614
23 27951
23 45709
25 45102
23 44394
23 45932
24 43305
26 43527
23 45218
25 43491
24 63509
25 65623
24 65218
25 64317
23 64447

L2_STORE_LOCK_RQSTS.MISS
20 796
23 796
23 812
21 781
20 813
22 862
20 875
21 891
21 855
20 858
21 942
20 935
21 984
21 928
21 955
21 975
20 985
23 1022
21 1004
20 1049

BR_INST_EXEC.ALL_BRANCHES
469 35068156
515 35031929
482 35056142
486 35058090
636 35021966
484 35301032
513 35303863
487 35270394
469 35292792
482 35291089
463 35263919
470 35286819
484 35290966
479 35253359
478 35251897
472 35283811
490 35252240
475 35249639
486 35272266
479 35242823

BR_MISP_EXEC.ALL_BRANCHES
57 40584
65 34915
58 40822
59 40978
60 35123
62 40507
64 40763
64 34985
58 41181
60 40126
51 35079
56 39883
55 40511
56 35536
68 40260
59 40114
59 35120
64 39835
67 39586
58 34912

