generic-uniform

INSTR_RETIRED.ANY
2434 320921131
2434 320929063
2434 320932957
2434 320920198
2434 320778977
2434 320915937
2434 320916132
2434 320769701
2434 320919597
2434 320921188
2434 320783981
2424 320793247
2434 320916758
2434 320917593
2434 320916761
2434 320915347
2434 320921093
2434 320916144
2434 320771492
2434 320919778

L2_STORE_LOCK_RQSTS.ALL
23 65087
10 62607
22 62704
23 63432
23 62045
24 60923
24 63510
24 60927
25 62127
24 64534
25 64345
25 39836
23 63563
24 63872
24 62824
23 66142
24 65174
24 64644
24 43150
23 64235

L2_STORE_LOCK_RQSTS.MISS
21 1001
22 1004
21 966
21 1027
21 1047
21 981
19 981
22 994
21 1026
21 961
21 1013
21 1043
21 965
20 984
22 982
21 992
21 995
20 1020
22 989
22 1012

BR_INST_EXEC.ALL_BRANCHES
472 35224358
467 35246224
492 35244004
474 35248394
467 35245604
461 35224548
482 35245419
475 35221470
501 35245521
471 35245831
479 35221954
474 35246697
484 35215749
476 35242798
474 35245621
477 35246638
475 35241646
506 35243690
470 35242272
496 35244068

BR_MISP_EXEC.ALL_BRANCHES
63 34906
59 34525
60 34963
59 34874
61 35744
64 35364
59 35495
57 34994
64 34801
58 35434
57 34712
54 36179
59 34858
68 43581
59 35054
60 35419
53 35244
55 34742
55 35091
57 35158

