generic-timing-mean

INSTR_RETIRED.ANY
2444 120477137
2444 120532051
2444 120509866
2444 120530923
2444 120533196
2444 120517499
2444 120534558
2444 120524155
2444 120530100
2444 120481849
2444 120530101
2444 120530098
2444 120532713
2444 120512172
2444 120532408
2444 120534615
2444 120512950
2444 120530095
2444 120530099
2444 120515900

L2_STORE_LOCK_RQSTS.ALL
24 28377
24 27648
23 28244
24 27526
22 27374
22 27595
23 28247
22 26786
23 27985
22 27920
23 28476
23 14257
22 28013
23 27289
23 27276
24 27785
22 27811
23 27885
24 27017
24 27510

L2_STORE_LOCK_RQSTS.MISS
20 943
21 940
21 925
21 970
22 938
20 929
20 911
20 936
20 927
20 916
20 968
21 929
20 904
21 928
20 931
21 917
20 921
22 955
21 958
22 936

BR_INST_EXEC.ALL_BRANCHES
525 14988317
479 14970630
497 14970645
480 14970576
489 14971312
476 14959955
483 14969882
495 14971123
487 14973201
489 14969971
488 14971591
487 14969204
492 14971112
505 14960735
490 14971566
482 14961670
481 14961950
481 14961757
485 14969792
494 14968178

BR_MISP_EXEC.ALL_BRANCHES
52 7640
65 7880
58 8056
63 7797
68 7927
61 7546
65 8004
55 7699
57 7590
56 7673
64 7885
63 7859
54 7882
62 7755
61 7919
60 7942
59 7683
58 7572
63 7657
66 7564

